0.000000e+00	8.357204e-14
2.083333e-05	2.877808e-02
4.166667e-05	5.755615e-02
6.250000e-05	8.627319e-02
8.333333e-05	1.149292e-01
1.041667e-04	1.434631e-01
1.250000e-04	1.719055e-01
1.458333e-04	2.001953e-01
1.666667e-04	2.283325e-01
1.875000e-04	2.562866e-01
2.083333e-04	2.839966e-01
2.291667e-04	3.114929e-01
2.500000e-04	3.387146e-01
2.708333e-04	3.656616e-01
2.916667e-04	3.923340e-01
3.125000e-04	4.186401e-01
3.333333e-04	4.446106e-01
3.541667e-04	4.702148e-01
3.750000e-04	4.954529e-01
3.958333e-04	5.202637e-01
4.166667e-04	5.446167e-01
4.375000e-04	5.685425e-01
4.583333e-04	5.920105e-01
4.791667e-04	6.149597e-01
5.000000e-04	6.374207e-01
5.208333e-04	6.593323e-01
5.416667e-04	6.806946e-01
5.625000e-04	7.015076e-01
5.833333e-04	7.217407e-01
6.041667e-04	7.413635e-01
6.250000e-04	7.603760e-01
6.458333e-04	7.787781e-01
6.666667e-04	7.965088e-01
6.875000e-04	8.135986e-01
7.083333e-04	8.299866e-01
7.291667e-04	8.457031e-01
7.500000e-04	8.607178e-01
7.708333e-04	8.750305e-01
7.916667e-04	8.886108e-01
8.125000e-04	9.014282e-01
8.333333e-04	9.135437e-01
8.541667e-04	9.248657e-01
8.750000e-04	9.354248e-01
8.958333e-04	9.452209e-01
9.166667e-04	9.542236e-01
9.375000e-04	9.624329e-01
9.583333e-04	9.698486e-01
9.791667e-04	9.764709e-01
1.000000e-03	9.822693e-01
1.020833e-03	9.872742e-01
1.041667e-03	9.914246e-01
1.062500e-03	9.947815e-01
1.083333e-03	9.973145e-01
1.104167e-03	9.989929e-01
1.125000e-03	9.998474e-01
1.145833e-03	9.999084e-01
1.166667e-03	9.991150e-01
1.187500e-03	9.974976e-01
1.208333e-03	9.950256e-01
1.229167e-03	9.917603e-01
1.250000e-03	9.876709e-01
1.270833e-03	9.827576e-01
1.291667e-03	9.770203e-01
1.312500e-03	9.704895e-01
1.333333e-03	9.631348e-01
1.354167e-03	9.550171e-01
1.375000e-03	9.460754e-01
1.395833e-03	9.363403e-01
1.416667e-03	9.258423e-01
1.437500e-03	9.145813e-01
1.458333e-03	9.025574e-01
1.479167e-03	8.898010e-01
1.500000e-03	8.762817e-01
1.520833e-03	8.620605e-01
1.541667e-03	8.471069e-01
1.562500e-03	8.314514e-01
1.583333e-03	8.151245e-01
1.604167e-03	7.980957e-01
1.625000e-03	7.804260e-01
1.645833e-03	7.620850e-01
1.666667e-03	7.431335e-01
1.687500e-03	7.235413e-01
1.708333e-03	7.033691e-01
1.729167e-03	6.826172e-01
1.750000e-03	6.612854e-01
1.770833e-03	6.394348e-01
1.791667e-03	6.170349e-01
1.812500e-03	5.941162e-01
1.833333e-03	5.707092e-01
1.854167e-03	5.468140e-01
1.875000e-03	5.224915e-01
1.895833e-03	4.977112e-01
1.916667e-03	4.725342e-01
1.937500e-03	4.469604e-01
1.958333e-03	4.210205e-01
1.979167e-03	3.947144e-01
2.000000e-03	3.681030e-01
2.020833e-03	3.411865e-01
2.041667e-03	3.139648e-01
2.062500e-03	2.864990e-01
2.083333e-03	2.587891e-01
2.104167e-03	2.308960e-01
2.125000e-03	2.027588e-01
2.145833e-03	1.744995e-01
2.166667e-03	1.460571e-01
2.187500e-03	1.175232e-01
2.208333e-03	8.886719e-02
2.229167e-03	6.015015e-02
2.250000e-03	3.140259e-02
2.270833e-03	2.593994e-03
2.291667e-03	-2.618408e-02
2.312500e-03	-5.496216e-02
2.333333e-03	-8.367920e-02
2.354167e-03	-1.123657e-01
2.375000e-03	-1.409302e-01
2.395833e-03	-1.693726e-01
2.416667e-03	-1.976624e-01
2.437500e-03	-2.258301e-01
2.458333e-03	-2.537842e-01
2.479167e-03	-2.815247e-01
2.500000e-03	-3.090210e-01
2.520833e-03	-3.363037e-01
2.541667e-03	-3.632813e-01
2.562500e-03	-3.899536e-01
2.583333e-03	-4.162903e-01
2.604167e-03	-4.422913e-01
2.625000e-03	-4.679565e-01
2.645833e-03	-4.931946e-01
2.666667e-03	-5.180359e-01
2.687500e-03	-5.424500e-01
2.708333e-03	-5.664062e-01
2.729167e-03	-5.899048e-01
2.750000e-03	-6.129150e-01
2.770833e-03	-6.354065e-01
2.791667e-03	-6.573792e-01
2.812500e-03	-6.788025e-01
2.833333e-03	-6.996765e-01
2.854167e-03	-7.199707e-01
2.875000e-03	-7.396545e-01
2.895833e-03	-7.587280e-01
2.916667e-03	-7.771606e-01
2.937500e-03	-7.949524e-01
2.958333e-03	-8.121033e-01
2.979167e-03	-8.285522e-01
3.000000e-03	-8.443298e-01
3.020833e-03	-8.594360e-01
3.041667e-03	-8.737793e-01
3.062500e-03	-8.874207e-01
3.083333e-03	-9.003296e-01
3.104167e-03	-9.125061e-01
3.125000e-03	-9.238892e-01
3.145833e-03	-9.345398e-01
3.166667e-03	-9.443970e-01
3.187500e-03	-9.534607e-01
3.208333e-03	-9.617615e-01
3.229167e-03	-9.692383e-01
3.250000e-03	-9.759216e-01
3.270833e-03	-9.818115e-01
3.291667e-03	-9.868774e-01
3.312500e-03	-9.911194e-01
3.333333e-03	-9.945374e-01
3.354167e-03	-9.971313e-01
3.375000e-03	-9.989014e-01
3.395833e-03	-9.998474e-01
3.416667e-03	-9.999695e-01
3.437500e-03	-9.992371e-01
3.458333e-03	-9.977112e-01
3.479167e-03	-9.953308e-01
3.500000e-03	-9.921265e-01
3.520833e-03	-9.880981e-01
3.541667e-03	-9.832764e-01
3.562500e-03	-9.776001e-01
3.583333e-03	-9.711609e-01
3.604167e-03	-9.638672e-01
3.625000e-03	-9.558105e-01
3.645833e-03	-9.469604e-01
3.666667e-03	-9.372864e-01
3.687500e-03	-9.268799e-01
3.708333e-03	-9.156799e-01
3.729167e-03	-9.037170e-01
3.750000e-03	-8.910217e-01
3.770833e-03	-8.775940e-01
3.791667e-03	-8.634033e-01
3.812500e-03	-8.485107e-01
3.833333e-03	-8.329468e-01
3.854167e-03	-8.166504e-01
3.875000e-03	-7.997131e-01
3.895833e-03	-7.820740e-01
3.916667e-03	-7.638245e-01
3.937500e-03	-7.449036e-01
3.958333e-03	-7.254028e-01
3.979167e-03	-7.052612e-01
4.000000e-03	-6.845703e-01
4.020833e-03	-6.632996e-01
4.041667e-03	-6.414795e-01
4.062500e-03	-6.191101e-01
4.083333e-03	-5.962524e-01
4.104167e-03	-5.728760e-01
4.125000e-03	-5.490417e-01
4.145833e-03	-5.247498e-01
4.166667e-03	-5.000000e-01
4.187500e-03	-4.748840e-01
4.208333e-03	-4.493408e-01
4.229167e-03	-4.234314e-01
4.250000e-03	-3.971558e-01
4.270833e-03	-3.705750e-01
4.291667e-03	-3.436890e-01
4.312500e-03	-3.164978e-01
4.333333e-03	-2.890320e-01
4.354167e-03	-2.613525e-01
4.375000e-03	-2.334595e-01
4.395833e-03	-2.053528e-01
4.416667e-03	-1.770935e-01
4.437500e-03	-1.486816e-01
4.458333e-03	-1.201477e-01
4.479167e-03	-9.152222e-02
4.500000e-03	-6.280518e-02
4.520833e-03	-3.405762e-02
4.541667e-03	-5.249023e-03
4.562500e-03	2.355957e-02
4.583333e-03	5.230713e-02
4.604167e-03	8.105469e-02
4.625000e-03	1.097107e-01
4.645833e-03	1.383057e-01
4.666667e-03	1.667480e-01
4.687500e-03	1.950684e-01
4.708333e-03	2.232361e-01
4.729167e-03	2.512207e-01
4.750000e-03	2.789612e-01
4.770833e-03	3.065186e-01
4.791667e-03	3.338013e-01
4.812500e-03	3.608093e-01
4.833333e-03	3.875122e-01
4.854167e-03	4.138794e-01
4.875000e-03	4.399109e-01
4.895833e-03	4.656067e-01
4.916667e-03	4.908752e-01
4.937500e-03	5.157776e-01
4.958333e-03	5.402222e-01
4.979167e-03	5.642395e-01
5.000000e-03	5.877686e-01
5.020833e-03	6.108093e-01
5.041667e-03	6.333618e-01
5.062500e-03	6.553955e-01
5.083333e-03	6.768494e-01
5.104167e-03	6.977844e-01
5.125000e-03	7.181091e-01
5.145833e-03	7.378540e-01
5.166667e-03	7.569885e-01
5.187500e-03	7.754822e-01
5.208333e-03	7.933350e-01
5.229167e-03	8.105469e-01
5.250000e-03	8.270569e-01
5.270833e-03	8.428955e-01
5.291667e-03	8.580627e-01
5.312500e-03	8.724670e-01
5.333333e-03	8.862000e-01
5.354167e-03	8.991699e-01
5.375000e-03	9.113770e-01
5.395833e-03	9.228516e-01
5.416667e-03	9.335632e-01
5.437500e-03	9.435120e-01
5.458333e-03	9.526367e-01
5.479167e-03	9.609985e-01
5.500000e-03	9.685669e-01
5.520833e-03	9.753418e-01
5.541667e-03	9.812622e-01
5.562500e-03	9.864197e-01
5.583333e-03	9.907227e-01
5.604167e-03	9.942322e-01
5.625000e-03	9.968872e-01
5.645833e-03	9.987488e-01
5.666667e-03	9.997559e-01
5.687500e-03	9.999390e-01
5.708333e-03	9.992981e-01
5.729167e-03	9.978333e-01
5.750000e-03	9.955444e-01
5.770833e-03	9.924316e-01
5.791667e-03	9.884644e-01
5.812500e-03	9.837036e-01
5.833333e-03	9.781189e-01
5.854167e-03	9.717407e-01
5.875000e-03	9.645386e-01
5.895833e-03	9.565430e-01
5.916667e-03	9.477539e-01
5.937500e-03	9.381714e-01
5.958333e-03	9.278259e-01
5.979167e-03	9.166870e-01
6.000000e-03	9.048157e-01
6.020833e-03	8.921814e-01
6.041667e-03	8.788147e-01
6.062500e-03	8.646851e-01
6.083333e-03	8.498840e-01
6.104167e-03	8.343506e-01
6.125000e-03	8.181458e-01
6.145833e-03	8.012390e-01
6.166667e-03	7.836914e-01
6.187500e-03	7.654724e-01
6.208333e-03	7.466125e-01
6.229167e-03	7.271729e-01
6.250000e-03	7.070923e-01
6.270833e-03	6.864319e-01
6.291667e-03	6.652222e-01
6.312500e-03	6.434326e-01
6.333333e-03	6.211243e-01
6.354167e-03	5.982971e-01
6.375000e-03	5.749817e-01
6.395833e-03	5.512085e-01
6.416667e-03	5.269470e-01
6.437500e-03	5.022583e-01
6.458333e-03	4.771423e-01
6.479167e-03	4.516296e-01
6.500000e-03	4.257507e-01
6.520833e-03	3.995361e-01
6.541667e-03	3.729858e-01
6.562500e-03	3.460999e-01
6.583333e-03	3.189392e-01
6.604167e-03	2.915344e-01
6.625000e-03	2.638550e-01
6.645833e-03	2.359619e-01
6.666667e-03	2.078857e-01
6.687500e-03	1.796570e-01
6.708333e-03	1.512451e-01
6.729167e-03	1.227112e-01
6.750000e-03	9.408569e-02
6.770833e-03	6.539917e-02
6.791667e-03	3.662109e-02
6.812500e-03	7.843018e-03
6.833333e-03	-2.096558e-02
6.854167e-03	-4.974365e-02
6.875000e-03	-7.846069e-02
6.895833e-03	-1.071472e-01
6.916667e-03	-1.357422e-01
6.937500e-03	-1.642151e-01
6.958333e-03	-1.925354e-01
6.979167e-03	-2.207031e-01
7.000000e-03	-2.487183e-01
7.020833e-03	-2.764893e-01
7.041667e-03	-3.040466e-01
7.062500e-03	-3.313599e-01
7.083333e-03	-3.583984e-01
7.104167e-03	-3.851013e-01
7.125000e-03	-4.115295e-01
7.145833e-03	-4.375916e-01
7.166667e-03	-4.633179e-01
7.187500e-03	-4.886475e-01
7.208333e-03	-5.135498e-01
7.229167e-03	-5.380554e-01
7.250000e-03	-5.621033e-01
7.270833e-03	-5.856934e-01
7.291667e-03	-6.087646e-01
7.312500e-03	-6.313782e-01
7.333333e-03	-6.534424e-01
7.354167e-03	-6.749573e-01
7.375000e-03	-6.959229e-01
7.395833e-03	-7.163086e-01
7.416667e-03	-7.361145e-01
7.437500e-03	-7.553101e-01
7.458333e-03	-7.738647e-01
7.479167e-03	-7.917786e-01
7.500000e-03	-8.090210e-01
7.520833e-03	-8.256226e-01
7.541667e-03	-8.415222e-01
7.562500e-03	-8.567200e-01
7.583333e-03	-8.712158e-01
7.604167e-03	-8.850098e-01
7.625000e-03	-8.980408e-01
7.645833e-03	-9.103394e-01
7.666667e-03	-9.218750e-01
7.687500e-03	-9.326477e-01
7.708333e-03	-9.426575e-01
7.729167e-03	-9.518738e-01
7.750000e-03	-9.602966e-01
7.770833e-03	-9.679565e-01
7.791667e-03	-9.747620e-01
7.812500e-03	-9.808044e-01
7.833333e-03	-9.860229e-01
7.854167e-03	-9.904175e-01
7.875000e-03	-9.939880e-01
7.895833e-03	-9.967346e-01
7.916667e-03	-9.986572e-01
7.937500e-03	-9.997253e-01
7.958333e-03	-1.000000e+00
7.979167e-03	-9.994507e-01
8.000000e-03	-9.980469e-01
8.020833e-03	-9.958191e-01
8.041667e-03	-9.927673e-01
8.062500e-03	-9.888916e-01
8.083333e-03	-9.842224e-01
8.104167e-03	-9.786987e-01
8.125000e-03	-9.723816e-01
8.145833e-03	-9.652710e-01
8.166667e-03	-9.573364e-01
8.187500e-03	-9.486084e-01
8.208333e-03	-9.391174e-01
8.229167e-03	-9.288330e-01
8.250000e-03	-9.177551e-01
8.270833e-03	-9.059448e-01
8.291667e-03	-8.933716e-01
8.312500e-03	-8.800659e-01
8.333333e-03	-8.660278e-01
8.354167e-03	-8.512878e-01
8.375000e-03	-8.358154e-01
8.395833e-03	-8.196716e-01
8.416667e-03	-8.028259e-01
8.437500e-03	-7.853394e-01
8.458333e-03	-7.671814e-01
8.479167e-03	-7.483826e-01
8.500000e-03	-7.289734e-01
8.520833e-03	-7.089844e-01
8.541667e-03	-6.883850e-01
8.562500e-03	-6.672058e-01
8.583333e-03	-6.454773e-01
8.604167e-03	-6.231995e-01
8.625000e-03	-6.004333e-01
8.645833e-03	-5.771484e-01
8.666667e-03	-5.534058e-01
8.687500e-03	-5.292053e-01
8.708333e-03	-5.045471e-01
8.729167e-03	-4.794617e-01
8.750000e-03	-4.540100e-01
8.770833e-03	-4.281616e-01
8.791667e-03	-4.019775e-01
8.812500e-03	-3.754272e-01
8.833333e-03	-3.486023e-01
8.854167e-03	-3.214417e-01
8.875000e-03	-2.940674e-01
8.895833e-03	-2.664185e-01
8.916667e-03	-2.385559e-01
8.937500e-03	-2.104797e-01
8.958333e-03	-1.822510e-01
8.979167e-03	-1.538696e-01
9.000000e-03	-1.253357e-01
9.020833e-03	-9.674072e-02
9.041667e-03	-6.802368e-02
9.062500e-03	-3.927612e-02
9.083333e-03	-1.049805e-02
9.104167e-03	1.831055e-02
9.125000e-03	4.708862e-02
9.145833e-03	7.583618e-02
9.166667e-03	1.045227e-01
9.187500e-03	1.331177e-01
9.208333e-03	1.615906e-01
9.229167e-03	1.899414e-01
9.250000e-03	2.181396e-01
9.270833e-03	2.461243e-01
9.291667e-03	2.739563e-01
9.312500e-03	3.015137e-01
9.333333e-03	3.288574e-01
9.354167e-03	3.558960e-01
9.375000e-03	3.826599e-01
9.395833e-03	4.091187e-01
9.416667e-03	4.352112e-01
9.437500e-03	4.609680e-01
9.458333e-03	4.863281e-01
9.479167e-03	5.112915e-01
9.500000e-03	5.357971e-01
9.520833e-03	5.599060e-01
9.541667e-03	5.835266e-01
9.562500e-03	6.066589e-01
9.583333e-03	6.293030e-01
9.604167e-03	6.514282e-01
9.625000e-03	6.730042e-01
9.645833e-03	6.940002e-01
9.666667e-03	7.144470e-01
9.687500e-03	7.343140e-01
9.708333e-03	7.535400e-01
9.729167e-03	7.721558e-01
9.750000e-03	7.901306e-01
9.770833e-03	8.074646e-01
9.791667e-03	8.240967e-01
9.812500e-03	8.400879e-01
9.833333e-03	8.553467e-01
9.854167e-03	8.699036e-01
9.875000e-03	8.837585e-01
9.895833e-03	8.968506e-01
9.916667e-03	9.092102e-01
9.937500e-03	9.208374e-01
9.958333e-03	9.316711e-01
9.979167e-03	9.417419e-01
1.000000e-02	9.510498e-01
1.002083e-02	9.595337e-01
1.004167e-02	9.672546e-01
1.006250e-02	9.741516e-01
1.008333e-02	9.802551e-01
1.010417e-02	9.855347e-01
1.012500e-02	9.900208e-01
1.014583e-02	9.936523e-01
1.016667e-02	9.964905e-01
1.018750e-02	9.984741e-01
1.020833e-02	9.996338e-01
1.022917e-02	9.999695e-01
1.025000e-02	9.994812e-01
1.027083e-02	9.981689e-01
1.029167e-02	9.960327e-01
1.031250e-02	9.930420e-01
1.033333e-02	9.892578e-01
1.035417e-02	9.846497e-01
1.037500e-02	9.792175e-01
1.039583e-02	9.729614e-01
1.041667e-02	9.659119e-01
1.043750e-02	9.580688e-01
1.045833e-02	9.494019e-01
1.047917e-02	9.399719e-01
1.050000e-02	9.297485e-01
1.052083e-02	9.187622e-01
1.054167e-02	9.070435e-01
1.056250e-02	8.945312e-01
1.058333e-02	8.812866e-01
1.060417e-02	8.673096e-01
1.062500e-02	8.526306e-01
1.064583e-02	8.372192e-01
